0.9071848894391704 0.20523518430687832 0.3672793153660601 0.17704246627100234 -0.9781181909615644 0.10927382873660872 0.38166941390412873 -0.0341075304382827 -0.9236693861211817 -0.08008247904763655 -0.04935367426474341 0.2926651198554336
0.3281462072717388 -0.8606684398884643 -0.389319795583437 -0.9382752428170378 -0.24925630848836144 -0.23981422267118202 0.10936011782090013 0.44398325335389766 -0.8893364016903207 -0.06374772963450702 -0.0475730473546919 0.29924103971767685
0.4940750472513724 -0.8682985160205469 -0.044130882158305934 -0.8693273124494924 -0.4941241580219289 -0.010551790770415025 -0.012644030721927213 0.04357755770618475 -0.9989700320587536 0.013700544499140552 -0.05095492305739361 0.3038998739355014
-0.943525400331721 0.1620766742486807 0.2889480413384947 0.2259865005979029 0.952618167035483 0.20358961020020092 -0.2422600265755361 0.2573903251842282 -0.9354465778574305 -0.0026223168645145615 -0.050151461223898054 0.30757326115447303
-0.9673061143618561 -0.2003170817969354 0.15553760914495102 -0.17240223879219782 0.9691736941824565 0.1760108478593527 -0.1860009386471091 0.1434413372953909 -0.9720227536314694 0.11413045571891041 -0.0332191943550149 0.3210446845511033
-0.9998216837589919 0.0017216374220414162 -0.01880522932381481 0.0003605695884180682 0.9973943090918311 0.07214195853177673 0.018880431004247387 0.07212231385511499 -0.9972170782579278 0.13717368088297885 -0.021806628512390173 0.31491556452991354
-0.7662814290827444 -0.6391108981069623 0.06595476755943433 -0.6252744692011721 0.7654056779076122 0.1522694532464777 -0.1477992205936803 0.07544142196234707 -0.986135884269607 0.13335593714654603 0.06306567424836511 0.34322151332785716
0.9095035017103795 -0.20989082130022194 -0.3588164203467768 -0.1790664641877522 -0.9767959185458945 0.11749440376196037 -0.37515141180575745 -0.04260958396887264 -0.9259837156095925 0.12315034646901145 0.057259670920918125 0.3463497269990252
0.9012523160667786 -0.4293953531849604 0.057999081436100414 -0.4303492709880666 -0.8714895661754647 0.23517108879992063 -0.05043577841481098 -0.23690835086687775 -0.9702219671524802 0.05423403579863702 0.04677486625687282 0.3287468589588912
-0.14459079357932336 0.9512845898626401 -0.27230705371321257 0.9736875056529228 0.08779853212236843 -0.2102951713486238 -0.17614239622388214 -0.29554872161291174 -0.9389487789040905 0.03237207804668502 0.040080589626669605 0.3332101115161994
0.9192807254467754 0.3768139161138335 -0.11372871425021397 0.3912496567305309 -0.90635533253784 0.15951086887251079 -0.04297271146078266 -0.1911315876645681 -0.9806233029387634 -0.030496729565030606 0.0342891422708044 0.2954159522086778
0.8009525465390916 0.5419028506122834 -0.25459049214537827 0.5809326186269839 -0.8062877512971423 0.11143318501861584 -0.14488723479913593 -0.23715261458916925 -0.9606072696923447 -0.043618208200913354 0.03261447730744546 0.2919321556053711
